0
84 119 105 150
239 27 247 63
241 126 255 160

1
239 27 247 63
241 126 255 160
387 108 379 141

2
70 200 81 253
84 119 105 150
122 168 133 186

3
84 119 105 150
122 168 133 186
241 126 255 160

4
353 154 359 185
387 108 379 141
414 176 407 258

5
241 126 255 160
353 154 359 185
387 108 379 141

6
70 200 81 253
122 168 133 186
162 287 154 290

7
70 200 81 253
124 308 107 315
162 287 154 290

8
70 200 81 253
102 346 107 315
124 308 134 440

9
70 200 350 296
102 346 359 185
128 489 407 258

10
333 274 350 296
353 154 382 336
414 176 407 258

11
333 274 134 440
362 305 350 296
414 176 407 258

12
362 305 362 435
383 334 382 336
414 176 407 258

13
365 478 133 186
383 334 180 293
414 176 255 160

14
122 168 255 160
202 290 318 292
241 126 359 185

15
241 126 180 293
333 274 218 300
353 154 255 160

16
202 290 218 300
241 126 255 160
276 298 284 300

17
241 126 255 160
276 298 284 300
333 274 318 292

18
122 168 133 186
162 287 154 290
202 290 180 293

19
124 308 318 292
153 316 350 296
162 287 359 185

20
102 346 154 290
124 308 161 325
153 316 180 293

21
162 287 107 315
176 307 154 290
202 290 161 325

22
153 316 180 293
162 287 191 323
176 307 218 300

23
202 290 161 325
207 318 180 293
276 298 191 323

24
176 307 218 300
202 290 284 300
207 318 290 327

25
276 298 191 323
309 308 212 329
333 274 218 300

26
207 318 212 329
276 298 218 300
281 317 290 327

27
276 298 284 300
281 317 310 324
309 308 318 292

28
333 274 284 300
337 317 290 327
362 305 310 324

29
309 308 318 292
333 274 338 324
337 317 350 296

30
337 317 310 324
362 305 318 292
383 334 338 324

31
102 346 338 324
153 316 350 296
206 420 382 336

32
102 346 107 315
128 489 134 440
206 420 161 325

33
285 420 338 324
337 317 362 435
383 334 382 336

34
285 420 161 325
365 478 191 323
383 334 208 394

35
153 316 161 325
176 307 185 430
207 318 208 394

36
153 316 134 440
206 420 161 325
207 318 185 430

37
207 318 191 323
248 405 208 394
281 317 212 329

38
206 420 212 329
207 318 250 382
248 405 290 327

39
281 317 208 394
309 308 212 329
337 317 250 382

40
281 317 286 390
285 420 290 327
337 317 310 324

41
248 405 250 382
281 317 286 390
285 420 290 327

42
206 420 286 390
248 405 310 324
249 476 338 324

43
248 405 286 390
249 476 338 324
285 420 362 435

44
128 489 208 394
197 479 250 382
206 420 252 427

45
197 479 250 382
206 420 252 427
249 476 286 390

46
249 476 185 430
285 420 208 394
299 477 252 427

47
231 504 252 427
249 476 286 390
285 420 306 429

48
285 420 286 390
299 477 306 429
365 478 362 435

49
128 489 134 440
197 479 185 430
231 504 228 463

50
128 489 134 440
231 504 228 463
250 600 247 518

51
197 479 185 430
231 504 228 463
249 476 252 427

52
249 476 252 427
272 505 271 464
299 477 306 429

53
231 504 228 463
249 476 252 427
272 505 271 464

54
272 505 271 464
299 477 306 429
365 478 362 435

55
250 600 247 518
272 505 271 464
365 478 362 435

56
231 504 228 463
250 600 247 518
272 505 271 464

