0 0 0 0
0 699 0 699
489 0 489 0
489 699 489 699
239 27 247 63
84 119 105 150
387 108 379 141
70 200 81 253
414 176 407 258 
241 126 255 160
122 168 133 186
353 154 359 185
124 308 154 290
162 287 180 293
202 290 218 300
276 298 284 300
333 274 318 292
362 305 350 296
102 346 107 315
383 334 382 336
153 316 161 325
176 307 191 323
207 318 212 329
281 317 290 327
309 308 310 324
337 317 338 324
248 405 250 382
206 420 208 394
285 420 286 390
128 489 134 440
197 479 185 430
249 476 252 427
299 477 306 429
365 478 362 435
231 504 228 463
272 505 271 464
250 600 247 518