  5    3    1
   37    4    2
    8    2    1
    8   19    2
    9    4    3
    9   20    4
   30   19    2
   30   37    2
   34   20    4
   34   37    4
    7    5    3
    7    9    3
   13    8   19
   13   21   19
   14   13   21
   14   11    8
   14   13    8
    6    5    1
    6    8    1
    6   11    8
   18    9   20
   18   17    9
   18   26   20
   18   26   17
   12    7    9
   12   17    9
   36   34   37
   29   26   24
   29   34   20
   29   26   20
   22   14   21
   25   26   24
   25   26   17
   10    7    5
   10   12    7
   10    6    5
   10    6   11
   10   12   17
   35   31   32
   35   36   32
   35   36   37
   35   30   37
   35   31   30
   28   31   32
   28   21   19
   28   30   19
   28   31   30
   33   36   32
   33   29   32
   33   36   34
   33   29   34
   16   10   17
   16   25   24
   16   25   17
   23   16   24
   23   22   21
   23   28   21
   15   16   10
   15   14   11
   15   10   11
   15   23   16
   15   22   14
   15   23   22
   27   23   24
   27   23   28
   27   29   24
   27   29   32
   27   28   32